15609669, 
15750447, 
15663249, 
15638646, 
15734161, 
15761950, 
15649668, 
15713912, 
15586757, 
15596522, 
15625395, 
15760570, 
15673539, 
15705298, 
15675791, 
15747043, 
15736397, 
15678201, 
15720745, 
15637593, 
15603942, 
15733973, 
15596761, 
15717893, 
15622585, 
15753861, 
15594762, 
15667417, 
15742204, 
15774872, 
15611191, 
15619465, 
15575247, 
15713463, 
15785170, 
15796351, 
15639576, 
15589715, 
15814553, 
15664907, 
15612465, 
15665760, 
15588080, 
15629739, 
15729908, 
15646936, 
15768151, 
15579212, 
15800515, 
15587419, 
15699619, 
15606472, 
15778368, 
15671387, 
15573926, 
15577514, 
15778830, 
15768072, 
15768293, 
15654456, 
15807525, 
15574372, 
15671249, 
15624755, 
15611430, 
15774744, 
15629885, 
15708791, 
15793890, 
15646091, 
15596984, 
15577806, 
15749381, 
15670615, 
15715622, 
15707634, 
15806901, 
15775335, 
15724150, 
15672330, 
15668521, 
15807837, 
15592570, 
15748589, 
15635893, 
15691863, 
15706071, 
15654296, 
15594041